1112212122121212121212121212121212121212121212111221
1222212212212121221212121212121212222112112211221122
2221121212211212112121221211221212121122222112212122
2222122121221121212121122112211222121222211222112211
2221221221122221212112221122121212212211122122121221
2221122122112121211212121212112211221221122122122221
2222212121212121121212112122112222112221121111222222
1121212212212212211221212121221122221122221111222222
2212211121221112122121122112211212212211212122122212
2211212122212122112212112121221221222221221212211122
2121221122121221212122112212121222212221221212121112
2222112121212122111221211222111222222111212122222122
2221212212121212121212212121221122121212221221211122
1211221212212212122122121221122122212212212121212222
2212122122121212212212121212121221122121222221212121
2221212121212112211122111222121112222112211221221212
2211221221211222112121212121212212122221212222121221
2211221121122121121212212211211222112112211222222212
2221212122121221212121121212112211221212221221111222
2121221212212211221212121212121212122121221221112222
2211122212112211221211212121212121211222222221111212
1122212122122121212112121122121122221221221212121112
2222121212212212112211211222112121221221121121222212
2211222121212211212122112121122112211221211221122112
1212112212212122112122122112211221122121112222221112
2121221212121212121121121212112121212122121212211222
2122121212112211212211212122112212122121222121211122
2121221212122121121121212112211212122121221221111222
2212121221221212112112112211222122122221222211112122
2122212121211221112211121212211222122221211221121122
2211122112121212121121212211221122121122221211112222
2222121212212121212211221211221122221122112222211212
2121212121212211211221212212121221212122111221122212
2211212121212112122121212121221221122222121212112112
2221212112121212121212122121222112212222121221122221
2221122122121122221212112211122111222212211122122222
2122112121122121121221211222112121221221222112211221
2221221221112121221121212121221121222111222122112112
1212112212211221212112122112112112211122122122221212
1212122122112121212112121212112121122112221112222222
2221121221122112121121122111122121212222112212212222
2221122122121112212212211221221121212121222211222222
2212122111212122112122121122111222212111122222222112
2211121211212121212112211212211212112112212122221212
1212212121122221211221212122121212122111122122222222
2211212121221211212211221121212121212212212221212221
2211211222211211212122121221212211211221211222112222
2212112112121212112121211221211211221221221212122112
2211212112122212112111222121211222211221221212212222
2211212121221211212121212122112211222122222112112212
2121211221211122112121122112122112121222122122111222
1212212212121212212121212121212122112212221111112222
2212121122112121121212122112212112211221221221221222
2111121121221212112212121221122121112212211221221122
2211211212212112211222112211212112211112222211122222
1122121211212112121212121212121212112212121121112222
2122221111212122111212121221211221211221122212221211
2221121211211211212121212121212122111212112112122222
2121212122221121211222111221121221212121221112222222
2121121211212121212121212122121221212211221221222122
2121212121221121212112122112211212222121222111122222
2212121211122111221212121221212122111221221112222222
2221112212121212212112121121121212211122111222221122
2222121121112221121211212121212211222121211122122222
2112121121212122121122121122121212112122112221122222
2222211111122111122211212121122211222122112221112122
1212121122212211212121122112122112212212221122112212
1121221121211212121212121122112121221212221221122212
1211221122211212112121212122112121221112212122122122
1121212121212122211221121221212122212122222111211122
2222211211221121211212211122121211222222221121222211
2212121121212211212211221221121212122122122211221211
2212121122121211122111222211211222111222112221112212
2212212121212121212121121212111112222211122122122212
2211221121212112121112221212122122121221211212221122
2121121221212121221112212121212212212212111211222222
2211211212112221112221121221122221122111112222212222
2222121211122112121211221211211222111222211211122222
2122121122112221121121121121121121221122221122212221
2222122122122112221111222211222221221221221121211111
2222121121212121112212112211212122221211112221211122
2221112212111122121212121121221122122112121121221221
2211211212122121212112122121221221221212221122221111
1222221121112211122111122112121211221122221112221121
1222122121221111221121121221122211221122221111221111
2121211211221221112211121211221211222221111222211122
2111121212221121121212121221211221212212122211221112
2212212121221122112121212121221122112211221221212212
2221211211212121212112112112212112212122121221212122
1111122121211222111212121122121121222222212111222111
2121121121212121212121212112221122121211222122122211
2221211212121212121121221111212112121222211221211122
2212121211212121212112211211221121222212122211221212
2121212112121211212122112112211221222112221212112212
2221211221122112111221111221212211221122122211122112
1212212221212121212121221212122121222122122122111122
2222111122112112112112112211111122211111222111222112
2212112121211221121221212112121211222212112212222212
2212121121212112121121211211121121211211221122112222
2221211122112121211221112121212112112212121212222122